init_utterance...done in 4.02s
  14  32 167              Dublin
   6  11   5   9   6   9  16  19
  70  62  38  28  19  25  23  19
  69  80  44  29  21  29  23  17
  90 123  86  45  32  37  27  19
  93 136 113  57  42  42  29  19
  89 116 129  64  50  42  31  21
  99 129 156  77  63  46  36  27
  94 133 167  81  69  44  36  27
  86 118 153  77  62  36  32  23
  85 114 121  69  56  31  28  21
 114 142  93  59  41  24  23  16
  72  78  44  32  22  13  15   9
  35  39  20  17  12   8  11   5
  17  21   9  11   7   6   9   5
   8  14   5   8   5   5   8   5
   5  10   3   7   4   5   8   5
  30  29  12  13   7   7  10   5
  43  33  13  13   8   7  10   5
  52  41  15  13   9   8  10   5
  44  43  15  13   9   7  10   5
  46  52  21  17  12   9  11   5
  48  71  33  21  19  13  12   7
  44  69  36  23  22  14  13   7
  38  58  31  21  21  12  12   5
  32  50  24  17  18  11  11   5
  26  38  16  13  13   9  10   5
  17  24   7   9   8   6   9   5
  13  17   4   8   5   5   8   5
  12  13   2   7   4   5   7   5
  10  11   2   7   4   5   8   5
   8  10   1   5   4   5   7   5
   6   9   1   5   4   5   7   5
init_utterance...done in 4.80s
  46  35 168              Dublin
   4  11   4   8   6  10  17  20
  26  39  17  16  12  19  21  19
  54  92  62  34  22  30  26  24
  67 100  85  45  35  44  30  25
  68 100 117  55  46  53  31  23
  78 105 146  72  61  57  35  27
  75 106 163  75  66  52  35  27
  83 114 168  83  76  50  38  31
  84 124 166  80  69  40  34  28
  76 111 124  66  56  32  29  24
  47  67  64  39  31  18  18  13
  27  39  36  22  17  11  13   8
  16  24  19  14  10   8  10   6
  12  16  10  10   7   6   9   5
  11  13   6   8   6   6   9   5
   9  12   6   8   5   5   8   5
  16  16  10   9   6   6  10   6
  35  32  14  13  11   8  11   7
  38  38  15  13  12   8  11   6
  36  37  16  14  13   9  11   6
  39  45  23  18  16  11  12   8
  39  51  32  20  21  14  13   8
  35  47  35  20  20  14  13   7
  32  43  34  19  19  14  12   6
  29  37  27  16  15  11  11   5
  24  29  17  12  10   8  10   5
  23  24  11  10   7   7   9   5
  22  21   8   9   6   6   9   5
  22  20   7   8   5   5   9   4
  20  17   5   8   4   5   9   4
  18  16   4   7   4   5   8   4
  15  15   3   7   4   5   8   5
  12  12   2   6   4   5   8   4
   7   9   1   6   4   5   8   4
   4   8   1   6   4   5   8   4
init_utterance...done in 4.43s
  78  35 132              Dublin
   7  16   6   9   6   9  14  13
  42  55  31  21  14  20  22  21
  55  85  61  32  24  34  25  20
  70  91  90  46  35  45  31  22
  72 100 124  62  46  48  32  21
  66  90 127  63  47  40  30  19
  68  97 131  70  60  41  31  21
  68 100 132  67  60  36  29  19
  68 102 115  64  51  29  25  16
  50  73  66  41  30  17  17  10
  31  40  33  22  16  11  12   7
  18  24  18  14  10   8  10   5
  12  17  12  11   7   6   9   5
   9  13   8   8   5   5   8   5
   8  12   6   8   4   5   8   5
   7  12   6   7   4   5   8   5
  12  16   6   8   5   6  10   6
  15  21   8  10   8   7  10   6
  27  27   9  11   8   7  10   6
  26  26   8  10   8   6   9   5
  32  42  21  16  12   9  11   7
  36  55  35  21  16  12  13   7
  37  52  37  22  18  14  14   8
  37  50  34  20  18  14  13   7
  28  41  22  15  13  10  11   6
  22  28  12  11   8   7   9   5
  22  24   9   9   6   6   9   5
  20  21   6   8   5   5   9   5
  18  19   5   8   4   5   8   4
  16  17   4   7   4   5   8   4
  15  17   4   7   4   5   8   4
  12  15   3   7   4   5   8   4
  10  12   2   6   4   5   8   4
   7  11   1   6   4   5   8   4
   5   9   1   6   4   5   8   4
init_utterance...done in 4.55s
 110  33 132              Dublin
   2   8   2   8   7  11  18  24
  25  24  12  12   8  13  17  17
  43  61  37  22  14  18  18  14
  60  81  65  36  25  28  22  17
  73 106 109  51  37  38  26  19
  71 100 122  55  42  38  26  18
  73 104 131  65  59  43  31  21
  67  98 132  64  62  39  29  21
  70  96 119  61  59  34  28  19
  75 115 116  63  55  30  26  17
  55  89  76  49  37  21  19  12
  37  51  40  28  20  12  13   8
  22  32  24  18  11   8  11   6
  14  21  13  12   7   6   9   5
  10  15   9   9   6   5   9   5
  12  15   7   8   5   5   9   5
  22  19   8   9   7   6   9   6
  31  29  11  11   9   7  10   6
  33  31  10  11  11   8  10   5
  29  27   8  10   9   7   9   5
  26  28  10  10   9   7   9   5
  29  36  17  14  14  10  11   6
  33  39  24  16  15  11  11   6
  30  39  24  16  14  10  11   6
  26  34  19  13  11   9  10   5
  22  26  12  10   7   7   9   5
  20  21   7   8   6   6   9   5
  17  17   5   8   5   5   9   5
  14  16   4   7   4   5   8   5
  12  13   3   7   4   5   8   5
  10  12   2   6   4   5   8   4
   6  10   1   6   4   5   8   4
   4   9   1   6   4   5   8   5
init_utterance...done in 4.50s
 142  35 193              Dublin
   4  11   5  11   8   9  16  17
  25  36  41  40  20  18  23  25
  82 101  78  49  30  32  32  29
 108 174 122  67  43  52  38  35
 121 190 153  75  48  49  36  29
 115 163 164  85  67  59  42  31
  98 138 177  85  72  50  41  29
  98 149 193 105 110  63  50  39
  87 132 164  85  85  47  38  29
  88 144 144  80  62  34  29  20
 102 136 100  60  42  25  23  16
  69  72  47  32  22  14  15   9
  36  38  23  17  12   9  11   7
  20  24  12  12   8   7  10   5
  13  16   6   9   6   6   9   5
   8  11   4   8   5   5   8   5
   9  12   4   9   6   6   9   5
  86  64  30  23  15  12  14   9
  70  56  27  25  17  12  15  11
  67  67  28  23  19  12  15  12
  63  67  25  20  16  11  13   9
  49  66  26  19  17  11  12   8
  49  65  39  25  21  14  14   8
  50  70  44  25  23  15  14   7
  45  65  38  23  22  15  13   7
  39  56  28  17  18  12  12   5
  29  35  15  13  11   8  10   5
  27  25  10   9   7   7   9   5
  26  21   7   9   6   6   9   5
  25  18   5   8   5   5   9   5
  24  16   4   7   5   5   8   5
  22  15   3   7   4   5   8   5
  19  13   2   7   4   5   8   5
  13  11   2   7   4   5   8   5
   7   9   1   5   4   5   7   5
init_utterance...done in 4.37s
 174  34 114              Dublin
   5  12   5   9   6   9  16  19
  51  48  23  19  13  15  17  17
  74  90  42  27  21  26  21  17
  67  97  50  32  28  31  23  17
  65 100  70  37  40  36  24  17
  69  95  87  45  46  36  26  19
  71 109 113  55  48  33  26  17
  70 104 114  61  52  32  27  19
  66 107 109  61  52  29  26  17
  61  97  82  57  46  25  23  16
  47  77  50  43  27  16  17   9
  28  38  22  21  14   9  12   7
  16  22  11  13   8   7   9   5
  11  15   5   9   5   5   9   5
   7  12   3   8   4   5   8   5
   4   8   2   7   4   5   7   5
   3   8   1   7   4   5   7   5
  97  70  38  29  17  16  14   8
 106  66  38  25  14  12  13   7
  69  48  22  17  11   9  11   7
  44  38  15  15   9   8  11   7
  47  50  26  21  17  12  13   9
  43  58  31  24  20  13  13   9
  38  49  27  21  22  13  13   8
  32  42  23  20  19  12  12   7
  30  36  19  16  15  10  11   5
  24  28  11  12  10   7   9   5
  21  20   6   9   7   6   9   5
  20  16   4   8   6   6   8   5
  19  15   4   7   5   5   8   5
  17  14   3   7   4   5   7   5
  15  12   2   7   4   5   7   5
  11  10   1   5   4   5   7   5
   8   9   1   5   4   5   7   5
init_utterance...done in 4.43s
 206  33 148              Dublin
   3   9   2   9   7  10  18  23
  36  38  19  22  13  14  18  18
  53  64  34  25  17  19  18  15
  57  91  50  31  24  28  20  15
  64 105  76  41  37  33  22  16
  62  95  90  51  44  34  24  16
  73 113 130  66  63  40  30  19
  73 105 132  71  65  38  30  20
  79 123 148  78  67  38  31  20
  72 114 126  72  62  34  28  18
  64 103  94  69  54  29  25  16
  58  73  50  42  32  18  16  10
  32  39  26  23  16  10  12   7
  19  23  12  13   9   7  10   5
  13  16   6  10   6   6   8   5
  10  11   4   8   5   5   8   5
  38  27  12  13   8   7  10   5
  49  37  16  14   9   8  10   7
  51  40  14  13  10   8  10   6
  42  34  11  13  12   8  10   7
  36  32  11  12  11   8  10   6
  38  40  18  15  12   9  10   6
  37  54  27  18  16  11  12   6
  35  50  24  17  16  10  11   6
  31  43  18  14  13   9  10   6
  24  31  10  11   9   7   9   5
  19  22   6   9   6   6   8   5
  17  16   4   8   5   6   8   5
  15  14   2   7   4   5   8   5
  13  12   2   7   4   5   8   5
  10  11   2   6   4   5   8   5
   9  10   1   6   4   5   8   5
   7   9   0   6   3   5   8   4
init_utterance...done in 4.78s
 238  36 172              Dublin
   2   9   4   9   8  10  17  21
  36  32  14  13  10  16  20  20
  67  95  45  29  20  30  28  23
  84 143  79  43  31  44  33  24
  89 133 108  57  47  57  38  29
 100 145 158  75  66  63  40  29
  99 136 164  84  74  63  43  30
  92 134 172  83  82  56  41  27
  90 126 160  86  86  51  40  29
  89 136 148  81  76  41  35  24
 108 146 137  97  73  41  34  21
  77 100  77  54  37  21  20  11
  40  51  39  28  18  11  13   7
  22  28  18  16  10   8  10   5
  12  17  10  11   7   6   9   5
   7  12   6   9   5   5   8   5
  23  26  28  27  17  14  16  11
 133  60  44  31  20  16  18  12
 111  69  37  26  18  14  18  13
  86  54  25  20  15  11  14   9
  66  47  19  17  14  10  13   8
  54  43  20  18  15  10  12   8
  53  55  27  21  21  13  13   8
  49  62  31  24  27  16  14   7
  44  60  27  21  24  14  13   7
  40  50  22  17  20  12  12   5
  38  48  20  17  18  11  11   5
  35  45  18  15  14  10  10   5
  29  37  13  12  10   8   9   5
  22  25   7   9   7   6   9   5
  19  18   5   8   5   5   8   5
  17  15   3   7   4   5   8   5
  13  13   2   7   4   5   8   5
  10  11   2   6   4   5   8   5
   7   9   1   6   4   5   8   5
   4   8   1   6   3   5   8   5
init_utterance...done in 4.70s
 270  34 133              Dublin
   1   9   3   9   7  11  18  22
  33  26  11  12   8  12  18  18
  44  65  26  21  16  24  23  18
  64  98  61  34  27  34  28  20
  62  95  83  39  32  33  27  17
  79 116 117  57  49  40  31  20
  75 117 133  61  57  37  28  17
  82 117 130  69  63  38  31  21
  78 128 128  70  63  34  29  20
  72 116  97  66  51  28  26  17
  87 103  63  50  34  20  20  12
  52  52  30  25  17  11  13   7
  28  28  14  15   9   7  10   5
  14  17   7  10   6   6   9   5
  10  13   4   8   5   5   8   5
   7  11   4   8   4   5   8   5
  33  33  22  18  10  10  12   8
  81  48  22  19  13  10  14  11
  71  47  17  17  13   9  13   9
  54  37  13  14  10   8  12   9
  54  40  18  17  15  11  13  10
  54  66  33  23  21  13  14  10
  55  76  37  26  25  15  15   9
  48  67  31  24  25  15  14   9
  43  58  25  20  19  12  12   8
  42  55  23  19  16  11  12   7
  36  48  17  15  13   9  10   5
  24  32  10  11   9   7   9   5
  19  21   5   9   6   6   8   5
  15  15   3   7   5   5   8   5
  13  12   2   7   4   5   8   5
  10  11   1   7   4   5   8   5
   7   9   1   6   4   5   8   5
   4   8   1   6   3   5   8   5
init_utterance...done in 4.58s
 302  36 146              Dublin
   3  10   5   9   7  12  16  19
  22  25  11  12   9  14  16  17
  51  66  29  19  15  20  18  13
  71  91  57  33  28  31  23  17
  78 112  89  46  36  33  27  19
  93 126 114  60  48  37  29  21
  95 141 130  67  62  39  30  20
  89 130 112  57  55  31  26  17
 103 144 119  71  60  33  29  21
  96 146 100  67  48  26  25  18
  87 100  55  43  27  16  17  12
  44  47  25  23  15  10  12   7
  24  26  12  13   9   7  10   5
  15  17   6   9   6   6   9   5
   8  12   3   8   4   5   8   5
   5  10   2   7   4   5   8   5
  10  17   8   9   5   6   9   5
  36  26  11  12   7   7  10   7
  49  37  16  17  11   9  12   7
  43  33  13  13  10   8  11   7
  37  31  12  13  10   8  10   5
  44  47  23  19  17  11  12   7
  48  62  31  23  23  14  13   8
  44  62  30  23  24  14  13   7
  40  56  25  20  20  12  12   7
  35  49  20  17  17  10  11   5
  30  40  14  13  12   8  10   5
  21  28   8  10   8   7   9   5
  15  19   4   8   6   5   8   5
  12  14   2   7   5   5   8   5
  10  12   2   7   4   5   8   5
   8  10   1   6   4   5   8   5
   6   9   1   6   4   5   8   5
   4   8   1   6   3   5   8   5
   4   8   1   6   3   5   8   5
   4   8   1   6   3   5   8   5
init_utterance...done in 4.73s
 334  38 139              Dublin
   1   8   4   9   7  10  19  23
  15  22  16  19  15  17  23  31
  51  79  39  26  19  24  22  20
  61  90  54  33  25  30  23  17
  77 116  96  48  34  33  26  18
  81 121 117  54  38  31  25  16
  87 123 119  62  49  34  27  19
  87 127 123  63  52  31  27  18
  85 120 112  59  46  27  24  17
  97 139 113  67  45  27  24  15
  76 116  76  53  32  19  19  11
 115  99  53  37  22  15  16   9
  56  49  24  21  12   9  11   6
  31  27  11  13   7   6   9   5
  17  17   6   9   5   5   9   5
  12  14   4   8   4   5   8   5
  32  23   9  11   7   7  10   5
  58  35  14  15   9   8  11   5
  61  46  15  14  10   8  12   7
  58  45  14  13  10   8  11   7
  51  40  12  13  10   8  11   7
  50  41  15  14  11   8  11   7
  47  57  25  17  15  10  12   7
  46  68  30  19  17  11  12   7
  43  60  26  18  16  11  12   7
  39  51  23  17  16  11  12   6
  35  45  19  15  14  10  11   6
  32  40  16  15  13  10  11   7
  27  35  12  12  11   8  10   5
  19  24   6   9   7   6   9   5
  16  17   4   7   5   5   8   5
  14  13   2   7   4   5   8   5
  11  11   2   6   4   5   8   5
   8  10   1   6   4   5   8   5
   5   8   1   6   3   5   8   5
   3   8   1   7   4   5   8   5
   5   9   2   7   4   5   8   5
   5   8   1   6   3   5   8   5
init_utterance...done in 4.47s
 366  34 152              Dublin
   3  10   4   9   6  10  18  21
  10  14   7  11   9  15  20  27
  48  52  26  19  14  20  20  18
  67  94  50  31  25  33  26  18
  86 116  80  46  33  35  27  19
 106 152 118  61  49  42  32  23
  99 142 121  60  57  40  30  21
  92 118 116  60  59  38  28  19
  91 124 121  65  67  38  29  19
  88 124 115  63  57  32  27  17
  81 114 102  61  48  27  24  15
  69  98  75  56  36  21  20  11
  50  57  38  32  19  12  14   8
  27  31  18  16  10   8  10   5
  13  19   9  11   6   6   9   5
   7  13   4   8   5   5   8   4
  23  30  18  15  10  11  13   8
  34  32  14  14   8   8  10   6
  34  26   9  11   7   7   9   5
  30  20   7  10   6   6   9   5
  25  19   6   9   5   5   9   4
  22  18   5   8   5   5   8   4
  26  27  10  11   8   7   9   5
  29  40  15  14  11   8  10   5
  28  39  14  14  13   9  10   5
  29  36  14  14  12   8  10   5
  27  34  11  12  10   7   9   5
  21  24   7   9   7   6   8   4
  18  18   4   8   5   5   8   4
  16  15   3   7   4   5   8   4
  15  13   2   6   4   5   8   4
  14  12   2   6   3   5   8   4
  11  10   1   6   3   4   8   4
   8   9   1   6   3   4   8   4
init_utterance...done in 4.92s
 398  32 175              Dublin
   3  10   4   9   6   9  17  22
  32  37  14  13   9  12  17  18
  69  88  50  30  21  23  27  27
  99 146 100  52  37  34  34  35
 106 152 121  58  44  35  38  39
 120 152 152  77  63  42  42  52
 118 162 175  91  83  47  42  47
 105 136 165  89  76  40  37  37
 118 138 151  95  71  39  37  38
 121 169 132  92  57  33  32  29
 106 141  89  72  38  23  23  18
  66  76  42  38  20  13  15  10
  32  38  21  20  11   8  11   7
  19  22  10  12   7   6   9   5
  10  14   5   9   5   5   9   5
   5  10   3   8   4   5   8   4
  10  14   4   8   5   5   9   4
  23  24   8  11   7   6  11   6
  42  37  13  13  10   8  14  10
  50  38  12  13  10   8  14  10
  41  36  11  13  10   8  12   9
  38  40  14  14  12   9  13  10
  35  37  17  15  12   9  13  10
  32  34  17  15  14  10  12  10
  30  31  14  15  15  10  12  10
  26  26  11  13  11   8  11   8
  21  24   8  11   9   7   9   6
  14  16   4   8   6   6   9   5
  11  13   3   7   5   5   8   4
   8  11   2   7   4   5  10   7
   6  10   1   6   4   5   9   5
   4   8   1   6   3   5   8   5
init_utterance...done in 4.58s
 430  32 198              Dublin
   6  11   6  10   7  10  15  15
  41  32  24  20  15  15  16  13
  65  80  42  28  21  22  22  15
  60  98  54  30  23  24  22  14
  70 104  77  41  38  30  26  17
  62  97  91  44  46  30  25  15
  71 112 112  62  70  40  30  19
  63 102 101  59  62  32  26  15
  74 114  94  69  55  29  25  14
  60  95  59  53  36  20  18  10
  40  52  30  27  18  11  13   6
  23  28  15  15  10   7  10   5
  14  16   7  10   6   6   9   5
  10  12   4   8   5   5   8   4
   6  10   2   7   4   5   8   4
   3   8   2   6   4   5   8   4
 110  86  51  33  24  24  23  17
 198 115  75  48  31  24  23  15
 121  70  37  28  19  14  16   9
  71  48  22  19  13  10  12   7
  50  40  18  17  12   9  12   6
  49  52  24  20  18  11  12   6
  44  58  26  22  21  12  12   6
  40  52  24  20  20  12  12   6
  37  46  19  16  17  10  11   5
  30  35  11  12  12   8   9   5
  24  24   7   9   8   6   9   4
  21  18   4   8   6   5   8   4
  18  16   3   8   5   5   8   4
  15  14   2   7   4   5   8   4
  11  12   2   6   4   5   8   4
   7  10   1   6   3   4   8   4
init_utterance...done in 4.53s
 462  34 184              Dublin
   3  10   4  10   9  10  15  20
  57  58  35  31  21  22  32  41
  80  98  51  34  22  25  28  30
  95 136  67  40  26  24  29  28
  98 144  94  47  34  31  31  26
 115 154 135  67  52  43  36  25
 122 178 172  80  71  48  39  24
 116 160 164  80  69  44  37  24
 118 173 177  90  77  44  39  27
 112 170 160  84  68  38  35  24
 124 177 145  91  61  35  33  21
 181 184 107  68  42  26  26  15
  99  92  49  34  22  14  16   8
  46  42  22  18  12   8  11   6
  25  24  11  12   7   6   9   5
  14  15   6   9   5   5   8   5
   8  11   3   8   4   5   8   4
  48  65  50  50  32  22  20  13
  60  72  33  31  20  14  15   9
  48  48  20  22  15  10  12   6
  41  36  14  15  12   9  11   6
  43  50  23  20  17  11  12   6
  59  78  40  29  29  17  16   9
  57  80  42  29  31  18  16  10
  51  70  38  26  28  16  16  10
  47  61  31  21  22  13  14   9
  40  49  21  16  16  10  12   8
  29  32  11  12  10   7  10   6
  24  22   6   9   6   6   9   5
  20  17   4   8   5   5   8   5
  16  15   3   7   4   5   8   4
  14  13   3   6   4   5   8   4
  10  11   2   6   3   5   8   4
   6  10   1   6   3   4   8   4
init_utterance...done in 4.73s
 494  32 166              Dublin
   5  10   4   9   7  13  16  17
  27  34  15  15  11  16  23  29
  61  50  22  18  14  17  20  17
  89 103  56  33  27  28  29  24
  93 128  84  44  38  33  29  20
 107 148 121  62  63  44  37  28
 107 166 154  77  80  48  38  27
 105 155 149  76  67  40  34  24
  98 156 143  76  66  36  30  19
  85 134 105  63  46  26  24  13
  75  90  60  42  27  16  17   8
  43  46  28  22  14  10  12   6
  26  26  14  13   8   7   9   5
  16  16   7   9   5   5   9   5
  11  13   4   8   4   5   8   4
  14  14   5   9   5   6   9   4
  53  36  18  16  10   9  14   9
  79  64  24  22  14  11  15  12
  70  66  23  22  15  11  14  12
  65  60  21  20  13  10  13  12
  64  65  26  22  17  12  14  13
  59  81  38  26  22  14  15  11
  54  73  34  24  24  14  14   9
  50  66  31  24  25  14  14   9
  47  58  25  20  20  12  13   8
  41  52  20  18  20  12  12   8
  34  43  14  15  16  10  11   6
  24  29   8  11  10   7   9   5
  19  20   4   8   6   6   8   5
  16  15   3   7   5   5   8   4
  12  12   2   6   4   5   8   4
   8  10   1   6   4   5   8   4
init_utterance...done in 4.73s
 526  33 143              Dublin
   2   9   4  10   9  10  17  20
   6  13   6  11   9  13  18  21
  31  48  23  17  12  16  18  17
  43  70  46  27  19  23  21  18
  65  98  91  45  30  30  25  20
  69 100 122  59  41  36  26  18
  79 116 143  72  53  40  29  18
  70 104 139  69  54  35  26  15
  75 109 135  73  62  36  27  15
  62 100 108  58  46  24  21  11
  59  88  70  46  33  19  18   9
  65  66  40  32  23  14  14   7
  40  37  20  19  13   9  11   6
  22  22  11  13   8   7   9   5
  14  15   6  10   6   6   9   5
  19  18   8  10   6   6   9   5
  22  22  11  12   8   7  10   5
  59  45  21  17  10   9  12   7
  55  43  16  14   9   8  11   7
  45  40  13  12   8   7  11   6
  40  32   9  10   8   7  10   5
  36  30  11  12   8   7  10   6
  39  47  25  17  13  10  12   7
  35  45  23  16  15  11  12   7
  31  41  19  14  14  10  11   6
  27  37  14  12  11   8  10   6
  21  28   9  10   8   7   9   5
  16  19   5   8   6   6   8   5
  14  15   3   8   5   5   8   5
  12  14   3   7   4   5   8   5
  10  13   2   6   4   5   8   5
   8  10   1   6   4   5   8   4
   5   9   1   6   3   5   8   4
init_utterance...done in 4.48s
 558  32 117              Dublin
   4  12   5  10   7   9  16  17
   6  13   6   9   6   8  15  15
  20  33  15  12   9  13  17  15
  42  65  35  24  19  27  22  19
  46  74  51  29  23  31  21  16
  64  90  81  42  35  36  25  19
  69 103 106  52  48  38  28  19
  72 102 106  56  54  36  28  19
  78 117 102  60  56  32  26  16
  94  89  61  41  37  22  20  12
  68  50  32  23  19  12  14   8
  35  28  16  14  10   8  10   6
  18  18   9   9   7   6   9   5
   9  13   5   8   5   5   8   5
   5  11   4   7   4   5   8   5
   3   9   2   6   4   5   8   5
   8  15   8  10   6   6   9   5
  56  53  19  15  10   9  12   7
  41  44  14  13   9   7  10   6
  33  34  10  11   8   7  10   6
  28  30  12  12   8   7  10   6
  29  38  16  13  11   8  10   6
  30  44  20  15  15  10  11   7
  29  41  16  13  14  10  11   6
  27  34  13  12  12   9  10   6
  21  27   8  10   9   7   9   5
  17  19   5   8   6   6   8   5
  14  15   3   7   5   5   8   5
  12  13   2   7   4   5   8   5
  10  11   2   6   4   5   8   5
   8  10   1   6   4   5   8   5
   7   9   1   6   3   5   8   4
init_utterance...done in 4.73s
 590  31  98              Dublin
  13  18   7   9   6   9  12  11
  31  48  20  16  12  15  15  10
  36  59  33  21  18  18  16  11
  50  78  58  31  28  22  19  12
  52  83  69  36  34  22  19  12
  61  90  77  43  40  25  21  14
  60  98  82  45  44  25  22  13
  58  93  72  43  38  21  20  12
  57  88  60  40  27  16  17  10
  29  46  28  23  15  10  12   6
  19  28  16  14   9   7  10   5
  11  19   9  10   6   5   9   5
   8  15   6   8   5   5   8   5
   6  11   3   7   4   5   8   4
   4  10   2   6   4   5   8   4
  31  39  24  17   9   9  11   6
  49  40  15  14   8   8  10   6
  41  36  12  13   8   7  10   6
  34  33  10  12   8   7  10   6
  26  31   9  11   8   6   9   6
  25  36  13  12   9   7  10   5
  27  41  17  16  13   9  11   6
  26  39  20  16  14  10  11   6
  26  37  18  15  14   9  10   5
  24  33  14  13  12   8   9   5
  17  24   8  10   8   6   9   4
  13  17   4   8   5   5   8   4
  11  14   3   7   4   5   8   4
  10  12   2   6   4   5   8   4
   8  11   1   6   4   5   8   4
   6  10   1   6   3   5   8   4
